
sbox = [0x0, 0x1, 0x2, 0x3, 0x4, 0x5, 0x6, 0x7, 0x8, 0x9, 0xa, 0xb, 0xc, 0xd, 0xe, 0xf,
        0x1, 0x2, 0x3, 0x4, 0x5, 0x6, 0x7, 0x8, 0x9, 0xa, 0xb, 0xc, 0xd, 0xe, 0xf, 0x0,
        0x2, 0x3, 0x4, 0x5, 0x6, 0x7, 0x8, 0x9, 0xa, 0xb, 0xc, 0xd, 0xe, 0xf, 0x0, 0x1,
        0x3, 0x4, 0x5, 0x6, 0x7, 0x8, 0x9, 0xa, 0xb, 0xc, 0xd, 0xe, 0xf, 0x0, 0x1, 0x2,
        0x4, 0x5, 0x6, 0x7, 0x8, 0x9, 0xa, 0xb, 0xc, 0xd, 0xe, 0xf, 0x0, 0x1, 0x2, 0x3,
        0x5, 0x6, 0x7, 0x8, 0x9, 0xa, 0xb, 0xc, 0xd, 0xe, 0xf, 0x0, 0x1, 0x2, 0x3, 0x4,
        0x6, 0x7, 0x8, 0x9, 0xa, 0xb, 0xc, 0xd, 0xe, 0xf, 0x0, 0x1, 0x2, 0x3, 0x4, 0x5,
        0x7, 0x8, 0x9, 0xa, 0xb, 0xc, 0xd, 0xe, 0xf, 0x0, 0x1, 0x2, 0x3, 0x4, 0x5, 0x6,
        0x8, 0x9, 0xa, 0xb, 0xc, 0xd, 0xe, 0xf, 0x0, 0x1, 0x2, 0x3, 0x4, 0x5, 0x6, 0x7,
        0x9, 0xa, 0xb, 0xc, 0xd, 0xe, 0xf, 0x0, 0x1, 0x2, 0x3, 0x4, 0x5, 0x6, 0x7, 0x8,
        0xa, 0xb, 0xc, 0xd, 0xe, 0xf, 0x0, 0x1, 0x2, 0x3, 0x4, 0x5, 0x6, 0x7, 0x8, 0x9,
        0xb, 0xc, 0xd, 0xe, 0xf, 0x0, 0x1, 0x2, 0x3, 0x4, 0x5, 0x6, 0x7, 0x8, 0x9, 0xa,
        0xc, 0xd, 0xe, 0xf, 0x0, 0x1, 0x2, 0x3, 0x4, 0x5, 0x6, 0x7, 0x8, 0x9, 0xa, 0xb,
        0xd, 0xe, 0xf, 0x0, 0x1, 0x2, 0x3, 0x4, 0x5, 0x6, 0x7, 0x8, 0x9, 0xa, 0xb, 0xc,
        0xe, 0xf, 0x0, 0x1, 0x2, 0x3, 0x4, 0x5, 0x6, 0x7, 0x8, 0x9, 0xa, 0xb, 0xc, 0xd,
        0xf, 0x0, 0x1, 0x2, 0x3, 0x4, 0x5, 0x6, 0x7, 0x8, 0x9, 0xa, 0xb, 0xc, 0xd, 0xe]
		
SBOX_bits:
[
[0, 0, 0, 0], [1, 0, 0, 0], [0, 1, 0, 0], [1, 1, 0, 0], [0, 0, 1, 0], [1, 0, 1, 0], [0, 1, 1, 0], [1, 1, 1, 0], 
[0, 0, 0, 1], [1, 0, 0, 1], [0, 1, 0, 1], [1, 1, 0, 1], [0, 0, 1, 1], [1, 0, 1, 1], [0, 1, 1, 1], [1, 1, 1, 1], 
[1, 0, 0, 0], [0, 1, 0, 0], [1, 1, 0, 0], [0, 0, 1, 0], [1, 0, 1, 0], [0, 1, 1, 0], [1, 1, 1, 0], [0, 0, 0, 1], 
[1, 0, 0, 1], [0, 1, 0, 1], [1, 1, 0, 1], [0, 0, 1, 1], [1, 0, 1, 1], [0, 1, 1, 1], [1, 1, 1, 1], [0, 0, 0, 0], 
[0, 1, 0, 0], [1, 1, 0, 0], [0, 0, 1, 0], [1, 0, 1, 0], [0, 1, 1, 0], [1, 1, 1, 0], [0, 0, 0, 1], [1, 0, 0, 1], 
[0, 1, 0, 1], [1, 1, 0, 1], [0, 0, 1, 1], [1, 0, 1, 1], [0, 1, 1, 1], [1, 1, 1, 1], [0, 0, 0, 0], [1, 0, 0, 0], 
[1, 1, 0, 0], [0, 0, 1, 0], [1, 0, 1, 0], [0, 1, 1, 0], [1, 1, 1, 0], [0, 0, 0, 1], [1, 0, 0, 1], [0, 1, 0, 1], 
[1, 1, 0, 1], [0, 0, 1, 1], [1, 0, 1, 1], [0, 1, 1, 1], [1, 1, 1, 1], [0, 0, 0, 0], [1, 0, 0, 0], [0, 1, 0, 0], 
[0, 0, 1, 0], [1, 0, 1, 0], [0, 1, 1, 0], [1, 1, 1, 0], [0, 0, 0, 1], [1, 0, 0, 1], [0, 1, 0, 1], [1, 1, 0, 1], 
[0, 0, 1, 1], [1, 0, 1, 1], [0, 1, 1, 1], [1, 1, 1, 1], [0, 0, 0, 0], [1, 0, 0, 0], [0, 1, 0, 0], [1, 1, 0, 0], 
[1, 0, 1, 0], [0, 1, 1, 0], [1, 1, 1, 0], [0, 0, 0, 1], [1, 0, 0, 1], [0, 1, 0, 1], [1, 1, 0, 1], [0, 0, 1, 1], 
[1, 0, 1, 1], [0, 1, 1, 1], [1, 1, 1, 1], [0, 0, 0, 0], [1, 0, 0, 0], [0, 1, 0, 0], [1, 1, 0, 0], [0, 0, 1, 0], 
[0, 1, 1, 0], [1, 1, 1, 0], [0, 0, 0, 1], [1, 0, 0, 1], [0, 1, 0, 1], [1, 1, 0, 1], [0, 0, 1, 1], [1, 0, 1, 1], 
[0, 1, 1, 1], [1, 1, 1, 1], [0, 0, 0, 0], [1, 0, 0, 0], [0, 1, 0, 0], [1, 1, 0, 0], [0, 0, 1, 0], [1, 0, 1, 0], 
[1, 1, 1, 0], [0, 0, 0, 1], [1, 0, 0, 1], [0, 1, 0, 1], [1, 1, 0, 1], [0, 0, 1, 1], [1, 0, 1, 1], [0, 1, 1, 1], 
[1, 1, 1, 1], [0, 0, 0, 0], [1, 0, 0, 0], [0, 1, 0, 0], [1, 1, 0, 0], [0, 0, 1, 0], [1, 0, 1, 0], [0, 1, 1, 0], 
[0, 0, 0, 1], [1, 0, 0, 1], [0, 1, 0, 1], [1, 1, 0, 1], [0, 0, 1, 1], [1, 0, 1, 1], [0, 1, 1, 1], [1, 1, 1, 1], 
[0, 0, 0, 0], [1, 0, 0, 0], [0, 1, 0, 0], [1, 1, 0, 0], [0, 0, 1, 0], [1, 0, 1, 0], [0, 1, 1, 0], [1, 1, 1, 0], 
[1, 0, 0, 1], [0, 1, 0, 1], [1, 1, 0, 1], [0, 0, 1, 1], [1, 0, 1, 1], [0, 1, 1, 1], [1, 1, 1, 1], [0, 0, 0, 0], 
[1, 0, 0, 0], [0, 1, 0, 0], [1, 1, 0, 0], [0, 0, 1, 0], [1, 0, 1, 0], [0, 1, 1, 0], [1, 1, 1, 0], [0, 0, 0, 1], 
[0, 1, 0, 1], [1, 1, 0, 1], [0, 0, 1, 1], [1, 0, 1, 1], [0, 1, 1, 1], [1, 1, 1, 1], [0, 0, 0, 0], [1, 0, 0, 0], 
[0, 1, 0, 0], [1, 1, 0, 0], [0, 0, 1, 0], [1, 0, 1, 0], [0, 1, 1, 0], [1, 1, 1, 0], [0, 0, 0, 1], [1, 0, 0, 1], 
[1, 1, 0, 1], [0, 0, 1, 1], [1, 0, 1, 1], [0, 1, 1, 1], [1, 1, 1, 1], [0, 0, 0, 0], [1, 0, 0, 0], [0, 1, 0, 0], 
[1, 1, 0, 0], [0, 0, 1, 0], [1, 0, 1, 0], [0, 1, 1, 0], [1, 1, 1, 0], [0, 0, 0, 1], [1, 0, 0, 1], [0, 1, 0, 1], 
[0, 0, 1, 1], [1, 0, 1, 1], [0, 1, 1, 1], [1, 1, 1, 1], [0, 0, 0, 0], [1, 0, 0, 0], [0, 1, 0, 0], [1, 1, 0, 0], 
[0, 0, 1, 0], [1, 0, 1, 0], [0, 1, 1, 0], [1, 1, 1, 0], [0, 0, 0, 1], [1, 0, 0, 1], [0, 1, 0, 1], [1, 1, 0, 1], 
[1, 0, 1, 1], [0, 1, 1, 1], [1, 1, 1, 1], [0, 0, 0, 0], [1, 0, 0, 0], [0, 1, 0, 0], [1, 1, 0, 0], [0, 0, 1, 0], 
[1, 0, 1, 0], [0, 1, 1, 0], [1, 1, 1, 0], [0, 0, 0, 1], [1, 0, 0, 1], [0, 1, 0, 1], [1, 1, 0, 1], [0, 0, 1, 1], 
[0, 1, 1, 1], [1, 1, 1, 1], [0, 0, 0, 0], [1, 0, 0, 0], [0, 1, 0, 0], [1, 1, 0, 0], [0, 0, 1, 0], [1, 0, 1, 0], 
[0, 1, 1, 0], [1, 1, 1, 0], [0, 0, 0, 1], [1, 0, 0, 1], [0, 1, 0, 1], [1, 1, 0, 1], [0, 0, 1, 1], [1, 0, 1, 1], 
[1, 1, 1, 1], [0, 0, 0, 0], [1, 0, 0, 0], [0, 1, 0, 0], [1, 1, 0, 0], [0, 0, 1, 0], [1, 0, 1, 0], [0, 1, 1, 0], 
[1, 1, 1, 0], [0, 0, 0, 1], [1, 0, 0, 1], [0, 1, 0, 1], [1, 1, 0, 1], [0, 0, 1, 1], [1, 0, 1, 1], [0, 1, 1, 1]]
B:-----------
[Boolean function with 8 variables, Boolean function with 8 variables, Boolean function with 8 variables, Boolean function with 8 variables]
y0:-----------
x0 + x4
------------------------------
P:
Boolean PolynomialRing in x0, x1, x2, x3, x4, x5, x6, x7
y:
[
x0 + x4, 
x0*x4 + x1 + x5, 
x0*x1*x4 + x0*x4*x5 + x1*x5 + x2 + x6, 
x0*x1*x2*x4 + x0*x1*x4*x6 + x0*x2*x4*x5 + x0*x4*x5*x6 + x1*x2*x5 + x1*x5*x6 + x2*x6 + x3 + x7
]